308	美女写真	322798	1
272	汽车	216064	2
301	体育活动	165127	3
12	屏幕截图	157461	4
136	哺乳类	114782	5
143	菜肴	92660	6
5	艺术画	85711	7
186	上衣	85118	8
58	花	83357	9
42	山峦	74936	10
294	文艺活动	74806	11
106	居家室内	74053	12
160	裙装	65086	13
86	现代建筑	59199	14
33	海洋	52815	15
11	彩色动漫	49352	16
320	军人警察	49057	17
302	会议学习活动	42047	18
222	家具	39357	19
156	鞋	35978	20
32	湖泊	34796	21
91	中式传统建筑	34477	22
264	飞机	33702	23
121	鸟类	32880	24
79	果实和种子	32107	25
213	工艺品	29592	26
159	裤装	29347	27
316	婚纱写真	29013	28
144	糕点甜品	28029	29
303	面部局部	23430	30
265	轮船	23379	31
299	典礼活动	22538	32
314	帅哥写真	21530	33
154	首饰	19314	34
209	手机	18959	35
90	欧式传统建筑	18929	36
59	盆栽植物	17426	37
221	家居用品	16933	38
191	箱包	16903	39
300	公共场所活动与事件	15485	40
313	拍照留念	15482	41
141	面食	15216	42
214	容器	14757	43
133	昆虫类	14475	44
225	个护化妆	13337	45
9	文字图	12840	46
22	气候气象	12815	47
240	枪械	12744	48
88	建筑夜景	12555	49
298	军事活动	12104	50
129	爬行类	12030	51
233	大型机器设备	11993	52
239	武装车辆	11910	53
43	天空	11395	54
306	街拍	11079	55
312	时装T台	10946	56
282	五金	10730	57
89	公园园林	10555	58
232	小型机器设备	10430	59
14	图像素材	10225	60
122	鱼类	9855	61
173	帽子	9753	62
85	雕塑	9562	63
275	摩托车	9523	64
27	草原	9449	65
237	原材料	9318	66
164	睡衣浴袍	9223	67
166	男女内衣	8714	68
318	发型	8678	69
317	器官病理恶心图	8333	70
24	地质岩石土壤	8259	71
44	冰雪	8252	72
198	玩具	7921	73
23	宇宙天文	7201	74
319	医生护士	7015	75
325	乘务员	6999	76
78	树	6963	77
183	制服	6875	78
37	江河	6635	79
180	唐装旗袍	6304	80
87	文明遗迹	6288	81
223	餐具厨具	6106	82
142	酒水饮料	6039	83
148	干货	6018	84
297	农业劳动	5693	85
193	电脑外设	5505	86
199	灯具	5475	87
140	食材	5333	88
2	设计效果图	5282	89
31	瀑布	5240	90
315	婴儿	5182	91
170	手表	5155	92
176	婚纱	5058	93
321	儿童	4703	94
305	证件照	4446	95
184	其他民族服装	4299	96
40	岩壁及山体雕刻	4063	97
243	冷兵器	3851	98
81	叶子植物	3839	99
188	电子元器件	3673	100
18	书籍封面	3562	101
153	硬币	3509	102
179	商务套装	3438	103
8	海报	3292	104
149	包装食物	3209	105
207	摄影摄像	3123	106
293	餐饮娱乐活动	3061	107
34	洞穴溶洞	3044	108
64	树林	2966	109
189	运动健康	2935	110
56	花束	2878	111
130	海洋哺乳动物	2872	112
15	历史黑白照片	2837	113
36	沙漠	2824	114
152	纸币	2772	115
307	职业人物特写	2576	116
52	草	2563	117
178	围巾	2539	118
151	串串类	2528	119
202	文具	2521	120
