308	美女写真	322798	1
272	汽车	216064	2
301	体育活动	165127	3
12	屏幕截图	157461	4
136	哺乳类	114782	5
143	菜肴	92660	6
5	艺术画	85711	7
186	上衣	85118	8
58	花	83357	9
42	山峦	74936	10
294	文艺活动	74806	11
106	居家室内	74053	12
160	裙装	65086	13
86	现代建筑	59199	14
33	海洋	52815	15
11	彩色动漫	49352	16
320	军人警察	49057	17
302	会议学习活动	42047	18
222	家具	39357	19
156	鞋	35978	20
32	湖泊	34796	21
91	中式传统建筑	34477	22
264	飞机	33702	23
121	鸟类	32880	24
79	果实和种子	32107	25
213	工艺品	29592	26
159	裤装	29347	27
316	婚纱写真	29013	28
144	糕点甜品	28029	29
303	面部局部	23430	30
265	轮船	23379	31
299	典礼活动	22538	32
314	帅哥写真	21530	33
154	首饰	19314	34
209	手机	18959	35
90	欧式传统建筑	18929	36
59	盆栽植物	17426	37
221	家居用品	16933	38
191	箱包	16903	39
300	公共场所活动与事件	15485	40
313	拍照留念	15482	41
141	面食	15216	42
214	容器	14757	43
133	昆虫类	14475	44
225	个护化妆	13337	45
9	文字图	12840	46
22	气候气象	12815	47
240	枪械	12744	48
88	建筑夜景	12555	49
298	军事活动	12104	50
