0	美女写真	1.000000	322798.000000	308
1	汽车	1.493993	216064.000000	272
2	体育活动	1.954847	165127.000000	301
3	屏幕截图	2.050019	157461.000000	12
4	哺乳类	2.812270	114782.000000	136
5	菜肴	3.483682	92660.000000	143
6	艺术画	3.766121	85711.000000	5
7	上衣	3.792359	85118.000000	186
8	花	3.872476	83357.000000	58
9	山峦	4.307649	74936.000000	42
10	文艺活动	4.315135	74806.000000	294
11	居家室内	4.359013	74053.000000	106
12	裙装	4.959561	65086.000000	160
13	现代建筑	5.452761	59199.000000	86
14	海洋	6.111862	52815.000000	33
15	彩色动漫	6.540728	49352.000000	11
16	军人警察	6.580060	49057.000000	320
17	会议学习活动	7.677076	42047.000000	302
18	家具	8.201794	39357.000000	222
19	鞋	8.972094	35978.000000	156
20	湖泊	9.276871	34796.000000	32
21	中式传统建筑	9.362706	34477.000000	91
22	飞机	9.578007	33702.000000	264
23	鸟类	9.817457	32880.000000	121
24	果实和种子	10.053820	32107.000000	79
25	工艺品	10.908286	29592.000000	213
26	裤装	10.999353	29347.000000	159
27	婚纱写真	11.125978	29013.000000	316
28	糕点甜品	11.516572	28029.000000	144
29	面部局部	13.777123	23430.000000	303
30	轮船	13.807177	23379.000000	265
31	典礼活动	14.322389	22538.000000	299
32	帅哥写真	14.992940	21530.000000	314
33	首饰	16.713161	19314.000000	154
34	手机	17.026109	18959.000000	209
35	欧式传统建筑	17.053093	18929.000000	90
36	盆栽植物	18.523930	17426.000000	59
37	家居用品	19.063249	16933.000000	221
38	箱包	19.097083	16903.000000	191
39	公共场所活动与事件	20.845851	15485.000000	300
40	拍照留念	20.849890	15482.000000	313
41	面食	21.214380	15216.000000	141
42	容器	21.874229	14757.000000	214
43	昆虫类	22.300380	14475.000000	133
44	个护化妆	24.203194	13337.000000	225
45	文字图	25.140031	12840.000000	9
46	气候气象	25.189075	12815.000000	22
47	枪械	25.329410	12744.000000	240
48	建筑夜景	25.710713	12555.000000	88
49	军事活动	26.668705	12104.000000	298
